26.52817793291539
26.564749673921135
26.61219173637803
26.670184096316742
26.738314127761015
26.81607899005125
26.90288854143548
26.998068762229078
27.10086566792292
27.210449689810563
27.32592049802427
27.446312239332816
27.570599159675513
27.697701579200373
27.82649218555236
27.95580260933212
28.08443024402647
28.211145271308833
28.334697851428896
28.453825437462157
28.567260171478114
28.67373632021369
28.771997707609707
28.860805101583328
28.938943512669105
29.005229362663076
29.05851748214678
29.09770789674516
29.12175236318026
29.12966061761286
29.12050630040988
29.093432523326108
29.047657047134607
28.98247703996892
28.897273389039512
28.79151454094243
28.664759848476244
28.51666240470745
28.346971347959087
28.15553362442572
27.942295198222084
27.707301701835586
27.450698523155964
27.1727303284802
26.873740024119662
26.554167162449552
26.214545801421046
25.85550182968485
25.477749772533805
25.082089096843912
24.669400036060956
24.240638959027
23.796833309051998
23.339076142095458
22.868520295217593
22.386372218575218
21.893885506163215
21.392354162226205
20.883105641777256
20.367493704952988
19.846891125998887
19.322682298509896
18.796255779143998
18.268996812377395
17.742279878977218
17.21746131073014
16.695872013584705
16.17881034074262
15.66753515637432
15.163259129540807
14.667142296584052
14.180285928709395
13.703726739734067
13.238431467026505
12.785291856522567
12.3451200803891
11.918644613426512
11.506506591673256
11.109256673912341
10.727352423898829
10.361156228143576
10.010933761020512
9.676853005828782
9.358983837256254
9.057298167474602
8.771670654867195
8.501879971168046
8.247610619590859
8.00845529337116
7.783917761048553
7.573416261798721
7.376287391203349
7.191790455036436
7.019112265964894
6.857372355524171
6.705628571350884
6.56288302744803
6.428088373235927
6.300154345316566
6.177954564259585
6.060333537314999
5.946113826778566
5.834103342787055
5.723102718608471
5.611912726020096
5.499341688138026
5.384212847077192
5.265371644079881
5.14169287025295
5.012087646795753
4.8755101945779025
4.73096435413377
4.577509818570528
4.414268043532282
4.240427800213043
4.055250339457302
3.8580741372151843
3.6483191940184474
3.4254908636990784
3.189183189269809
2.9390817267100244
2.674965840334955
2.3967104564540533
2.1042872651284847
1.7977653630005195
1.4773113333702104
1.1431887629196953
0.7957571977138054
0.4354705443187701
0.06287492506093173
-0.32139400042465205
-0.7166142321469482
-1.1219811270328224
-1.536611575474271
-1.9595486333541698
-2.389766583145135
-2.8261763952164722
-3.2676315581899216
-3.7129342450693725
-4.160841779944096
-4.6100733683418955
-5.05931705279598
-5.507236853897641
-5.95248005604212
-6.3936845962442215
-6.829486513807664
-7.258527418281599
-7.679461933030463
-8.09096507188121
-8.491739506692571
-8.880522684313949
-9.256093752261513
-9.617280253532696
-9.962964552300072
-10.292089953764787
-10.603666483199069
-10.896776291157117
-11.170578653972353
-11.424314540974828
-11.657310722341691
-11.868983394122456
-12.05884129974369
-12.226488330179428
-12.371625587957013
-12.494052903236684
-12.593669793339018
-12.6704758602795
-12.724570624086056
-12.756152792904189
-12.765518974118013
-12.753061833914334
-12.719267715873542
-12.664713732267135
-12.590064344758863
-12.496067454128864
-12.383550021449185
-12.253413245820504
-12.1066273263167
-11.944225838163092
-11.767299755380693
-11.57699115415125
-11.37448663298365
-11.161010487381812
-10.93781767811726
-10.70618663338928
-10.467411926103948
-10.222796868216
-9.973646064549573
-9.721257968743286
-9.466917483949985
-9.21188865066244
-8.957407463534306
-8.704674858324044
-8.454849909112179
-8.209043274735144
-7.968310931948539
-7.733648231187578
-7.505984308941907
-7.286176888716456
-7.07500750032163
-6.873177144836988
-6.681302430037292
-6.499912198372101
-6.329444666766263
-6.17024509457413
-6.022563992992536
-5.886555886133416
-5.762278630794454
-5.649693298763363
-5.548664622266612
-5.458961999945186
-5.3802610575267416
-5.312145754183712
-5.254111022438718
-5.205565926420055
-5.165837320298444
-5.1341739858687845
-5.1097512254936275
-5.091675884014538
-5.078991770777985
-5.07068545062803
-5.065692370602672
-5.062903287145072
-5.061170956917876
-5.059317052795981
-5.056139265321671
-5.050418548841174
-5.040926470710945
-5.026432621369573
-5.005712042720097
-4.977552632161088
-4.940762479741775
-4.894177096298073
-4.836666491048339
-4.767142057988422
-4.6845632315186565
-4.587943873055448
-4.47635835191928
-4.348947285540098
-4.204922905970816
-4.0435740218388005
-3.8642705471798666
-3.666467571079801
-3.449708944675879
-3.2136303648346107
-2.9579619367031658
-2.6825302003151195
-2.387259609500321
-2.0721734544835946
-1.737394222742699
-1.3831433959123172
-1.0097406837492526
-0.6176026993981609
-0.20724108339528113
0.2207399129953571
0.6656463714229259
1.1266981603609159
1.60303287965839
2.0937102732931114
2.5977170852066687
3.1139723305645943
3.6413329524065636
4.178599831443767
4.724524114739741
5.277813827184184
5.837140728050428
6.401147373524119
6.968454344910937
7.537667601283211
8.107385914612713
8.67620834496438
9.242741713097574
9.80560802783541
10.363451825823162
10.914947381797893
11.45880574823353
11.993781584203504
12.518679734509561
13.032361521556632
13.533750714098478
14.021839138829465
14.495691902844191
14.954452197214122
15.397345654330795
15.8236842342199
16.23286961772847
16.624396087311982
16.997852879081904
17.35292599280316
17.68939944963478
18.00715599056945
18.30617721173155
18.58654313591701
18.84843122298794
19.092114824947437
19.3179610947004
19.526428360634778
19.718062982215777
19.893495704758113
20.053437534408488
20.198675157117712
20.33006592799314
20.448532459881015
20.555056842323623
20.650674524151448
20.736467894895927
20.813559601932745
20.88310564177725
20.946288265246412
21.004308737266143
21.058379992933638
21.10971923203795
21.159540494591827
21.20904726003604
21.2594251126394
21.31183451523715
21.367403732828386
21.42722194669233
21.492332598590853
21.563727003304674
21.642338266211482
21.72903554086576
21.82461865958968
21.929813167946957
22.0452657916552
22.171540362013797
22.30911422329579
22.45837514278952
22.61961874129427
22.793046458891325
22.97876406774303
23.176780740537477
23.387008680011043
23.60926331176499
23.843264039363817
24.088635557479442
24.344909715647056
24.61152792204185
24.887844073590195
25.17312799571195
25.466569372068516
25.767282141882355
26.074309339712812
26.386628350036283
26.70315654660017
27.022757284313425
27.344246209414855
27.66639785183452
27.987952462044277
28.307623053291024
28.6241026089265
28.936071413599656
29.242204466365063
29.54117893328902
29.83168159690623
30.11241625989479
30.382111060597307
30.63952565851747
30.883458248663906
31.112752364590442
31.326303431189658
31.52306502972681
31.70205483924718
31.862360220340317
32.00314340929074
